connections =
{
  "type": "FeatureCollection",
  "generator": "overpass-ide",
  "copyright": "The data included in this document is from www.openstreetmap.org. The data is made available under ODbL.",
  "timestamp": "2023-06-16T16:42:26Z",
  "features": [
    {
      "type": "Feature",
      "properties": {
        "@id": "relation/14555373",
        "ascent": "145",
        "descent": "30",
        "distance": "3.1",
        "name": "La Chapelle - Le Coulet",
        "network": "lwn",
        "network:type": "node_network",
        "route": "hiking",
        "survey:date": "2022-10-18",
        "type": "route"
      },
      "geometry": {
        "type": "LineString",
        "coordinates": [
          [
            4.4312224,
            44.6969173
          ],
          [
            4.4310492,
            44.6970564
          ],
          [
            4.4306609,
            44.6971925
          ],
          [
            4.4303874,
            44.6974491
          ],
          [
            4.4301139,
            44.6975696
          ],
          [
            4.4300538,
            44.697764
          ],
          [
            4.4299936,
            44.6978379
          ],
          [
            4.4297639,
            44.6979467
          ],
          [
            4.4297037,
            44.6980945
          ],
          [
            4.4297092,
            44.6983938
          ],
          [
            4.4295506,
            44.6987009
          ],
          [
            4.42966,
            44.6988292
          ],
          [
            4.429928,
            44.6988875
          ],
          [
            4.4302397,
            44.698872
          ],
          [
            4.4304476,
            44.6989692
          ],
          [
            4.4306937,
            44.6992958
          ],
          [
            4.4312953,
            44.6994124
          ],
          [
            4.4319844,
            44.6994629
          ],
          [
            4.4323126,
            44.6996845
          ],
          [
            4.4325915,
            44.6998711
          ],
          [
            4.4327173,
            44.700081
          ],
          [
            4.4327173,
            44.7003337
          ],
          [
            4.4326189,
            44.7005981
          ],
          [
            4.4323454,
            44.7009324
          ],
          [
            4.4322196,
            44.7010724
          ],
          [
            4.4319243,
            44.7011501
          ],
          [
            4.4315961,
            44.7012201
          ],
          [
            4.4313172,
            44.7013911
          ],
          [
            4.4312625,
            44.7015428
          ],
          [
            4.4313773,
            44.701741
          ],
          [
            4.4314977,
            44.7019665
          ],
          [
            4.4315797,
            44.7021803
          ],
          [
            4.4316836,
            44.7024602
          ],
          [
            4.4316289,
            44.7028178
          ],
          [
            4.4316289,
            44.7030744
          ],
          [
            4.4313555,
            44.7033971
          ],
          [
            4.4310382,
            44.7036614
          ],
          [
            4.4307156,
            44.7038091
          ],
          [
            4.4305022,
            44.7039763
          ],
          [
            4.4301358,
            44.7041279
          ],
          [
            4.4300264,
            44.70426
          ],
          [
            4.4300264,
            44.7044777
          ],
          [
            4.4302124,
            44.7048431
          ],
          [
            4.4304749,
            44.7053524
          ],
          [
            4.4306554,
            44.7056167
          ],
          [
            4.4306445,
            44.7057489
          ],
          [
            4.4304694,
            44.706021
          ],
          [
            4.4303382,
            44.7061492
          ],
          [
            4.430226,
            44.7061952
          ],
          [
            4.4302972,
            44.7063445
          ],
          [
            4.4303937,
            44.706516
          ],
          [
            4.4306083,
            44.70668
          ],
          [
            4.4308926,
            44.7069278
          ],
          [
            4.4313164,
            44.707431
          ],
          [
            4.4315095,
            44.7076445
          ],
          [
            4.4317831,
            44.7077818
          ],
          [
            4.4323088,
            44.7079076
          ],
          [
            4.4325502,
            44.7079877
          ],
          [
            4.432679,
            44.7080639
          ],
          [
            4.4327165,
            44.7081859
          ],
          [
            4.4327165,
            44.7083079
          ],
          [
            4.4326468,
            44.7085367
          ],
          [
            4.4325449,
            44.708754
          ],
          [
            4.4323518,
            44.7090552
          ],
          [
            4.4322176,
            44.7092
          ],
          [
            4.431869,
            44.7094631
          ],
          [
            4.4316866,
            44.7096308
          ],
          [
            4.4316544,
            44.7097223
          ],
          [
            4.4316705,
            44.7098176
          ],
          [
            4.4318046,
            44.7099587
          ],
          [
            4.431869,
            44.7100807
          ],
          [
            4.4319226,
            44.7104467
          ],
          [
            4.4319494,
            44.710847
          ],
          [
            4.4318851,
            44.7111901
          ],
          [
            4.4317778,
            44.7114531
          ],
          [
            4.4317617,
            44.7115942
          ],
          [
            4.431826,
            44.7116742
          ],
          [
            4.4320996,
            44.7117352
          ],
          [
            4.4338153,
            44.7116623
          ],
          [
            4.4341978,
            44.7116751
          ],
          [
            4.4344922,
            44.7117581
          ],
          [
            4.4347926,
            44.7119716
          ],
          [
            4.4348569,
            44.7120821
          ],
          [
            4.434932,
            44.712288
          ],
          [
            4.4350018,
            44.7124062
          ],
          [
            4.4351252,
            44.7125358
          ],
          [
            4.4352754,
            44.7127073
          ],
          [
            4.4354148,
            44.712776
          ],
          [
            4.435726,
            44.7128446
          ],
          [
            4.4358708,
            44.7128636
          ],
          [
            4.4360854,
            44.7129513
          ],
          [
            4.4363429,
            44.7131114
          ],
          [
            4.4365575,
            44.7131991
          ],
          [
            4.4367399,
            44.7132144
          ],
          [
            4.4370081,
            44.7131572
          ],
          [
            4.4374962,
            44.7129094
          ],
          [
            4.4378556,
            44.712715
          ],
          [
            4.4382365,
            44.7125777
          ],
          [
            4.4385101,
            44.7125777
          ],
          [
            4.4387515,
            44.712654
          ],
          [
            4.4389178,
            44.7127722
          ],
          [
            4.4390519,
            44.7129628
          ],
          [
            4.4390412,
            44.7131648
          ],
          [
            4.4389554,
            44.7134774
          ],
          [
            4.4388052,
            44.7140721
          ],
          [
            4.4388105,
            44.7141941
          ],
          [
            4.4389017,
            44.7143999
          ],
          [
            4.4389209,
            44.7144177
          ],
          [
            4.4393175,
            44.714785
          ],
          [
            4.4394536,
            44.7148303
          ],
          [
            4.4396205,
            44.7148612
          ],
          [
            4.4398727,
            44.7149222
          ],
          [
            4.440157,
            44.7150327
          ],
          [
            4.4403691,
            44.7150672
          ]
        ]
      },
      "id": "relation/14555373"
    },
    {
      "type": "Feature",
      "properties": {
        "@id": "relation/14906721",
        "ascent": "130",
        "descent": "0",
        "distance": "1.9",
        "name": "Bannes - Serre de Vinobre",
        "network": "lwn",
        "network:type": "node_network",
        "route": "hiking",
        "survey:date": "2023-05-11",
        "type": "route"
      },
      "geometry": {
        "type": "LineString",
        "coordinates": [
          [
            4.3784433,
            44.5578423
          ],
          [
            4.37867,
            44.5578583
          ],
          [
            4.3789361,
            44.5578688
          ],
          [
            4.3791134,
            44.5578162
          ],
          [
            4.3793056,
            44.5576687
          ],
          [
            4.3794534,
            44.5576687
          ],
          [
            4.3798672,
            44.5574581
          ],
          [
            4.3799707,
            44.5573739
          ],
          [
            4.3803106,
            44.5571738
          ],
          [
            4.3803746,
            44.5570826
          ],
          [
            4.3805623,
            44.55704
          ],
          [
            4.3808055,
            44.5571342
          ],
          [
            4.3809377,
            44.5572011
          ],
          [
            4.3810699,
            44.5572011
          ],
          [
            4.3811723,
            44.5572345
          ],
          [
            4.3812363,
            44.5572649
          ],
          [
            4.3813344,
            44.5572771
          ],
          [
            4.3815392,
            44.55742
          ],
          [
            4.3817013,
            44.5575233
          ],
          [
            4.3820383,
            44.5577026
          ],
          [
            4.3821449,
            44.5577543
          ],
          [
            4.3824008,
            44.5578394
          ],
          [
            4.38258,
            44.5579063
          ],
          [
            4.3828146,
            44.5580461
          ],
          [
            4.3830364,
            44.5581586
          ],
          [
            4.3830919,
            44.558189
          ],
          [
            4.383254,
            44.5583105
          ],
          [
            4.3833521,
            44.5583744
          ],
          [
            4.383446,
            44.5584534
          ],
          [
            4.3835099,
            44.5584929
          ],
          [
            4.3838,
            44.558733
          ],
          [
            4.3838427,
            44.5588029
          ],
          [
            4.3838939,
            44.5588789
          ],
          [
            4.3839621,
            44.5589184
          ],
          [
            4.3840858,
            44.5589336
          ],
          [
            4.3841541,
            44.5589336
          ],
          [
            4.3843119,
            44.558882
          ],
          [
            4.3846361,
            44.5588151
          ],
          [
            4.3848878,
            44.5587513
          ],
          [
            4.3851949,
            44.5587087
          ],
          [
            4.3853741,
            44.5586753
          ],
          [
            4.3855959,
            44.558657
          ],
          [
            4.3856769,
            44.5586449
          ],
          [
            4.3857665,
            44.5586114
          ],
          [
            4.3858732,
            44.5585689
          ],
          [
            4.3859542,
            44.5585051
          ],
          [
            4.3860353,
            44.5584625
          ],
          [
            4.3861163,
            44.5584412
          ],
          [
            4.3862443,
            44.5584108
          ],
          [
            4.3862955,
            44.5583835
          ],
          [
            4.3864917,
            44.5583075
          ],
          [
            4.3867007,
            44.5582194
          ],
          [
            4.386833,
            44.5581555
          ],
          [
            4.3869737,
            44.55804
          ],
          [
            4.3870505,
            44.5579549
          ],
          [
            4.3871529,
            44.5578911
          ],
          [
            4.3872979,
            44.5577786
          ],
          [
            4.3874558,
            44.5576206
          ],
          [
            4.387588,
            44.5574959
          ],
          [
            4.3877373,
            44.557423
          ],
          [
            4.3879037,
            44.5573622
          ],
          [
            4.3880018,
            44.5573379
          ],
          [
            4.3881212,
            44.5572801
          ],
          [
            4.3883004,
            44.5572285
          ],
          [
            4.388471,
            44.5571738
          ],
          [
            4.3885691,
            44.5571282
          ],
          [
            4.3887099,
            44.5570917
          ],
          [
            4.3888592,
            44.557037
          ],
          [
            4.3889957,
            44.557043
          ],
          [
            4.3890768,
            44.5570218
          ],
          [
            4.389199,
            44.5570363
          ],
          [
            4.3894082,
            44.5570248
          ],
          [
            4.3895718,
            44.5570439
          ],
          [
            4.3897623,
            44.5570726
          ],
          [
            4.3899795,
            44.5570688
          ],
          [
            4.3902317,
            44.5570401
          ],
          [
            4.3907198,
            44.5570191
          ],
          [
            4.3910336,
            44.5570076
          ],
          [
            4.3913743,
            44.557021
          ],
          [
            4.3916854,
            44.5570439
          ],
          [
            4.3919402,
            44.5570745
          ],
          [
            4.3922165,
            44.5571165
          ],
          [
            4.3924874,
            44.5571681
          ],
          [
            4.3927154,
            44.557237
          ],
          [
            4.3928871,
            44.5573306
          ],
          [
            4.3930694,
            44.5574434
          ],
          [
            4.3932518,
            44.5575676
          ],
          [
            4.3935522,
            44.5577912
          ],
          [
            4.3938661,
            44.5580836
          ],
          [
            4.3940109,
            44.558204
          ],
          [
            4.3941933,
            44.5583416
          ],
          [
            4.3943194,
            44.5584391
          ],
          [
            4.394542,
            44.5585748
          ],
          [
            4.3947069,
            44.5586703
          ],
          [
            4.3949014,
            44.5587764
          ],
          [
            4.3950543,
            44.5588404
          ],
          [
            4.3952608,
            44.5589045
          ],
          [
            4.3953627,
            44.5589312
          ],
          [
            4.3954137,
            44.5589733
          ],
          [
            4.3954405,
            44.5590325
          ],
          [
            4.3955626,
            44.5590707
          ],
          [
            4.3957165,
            44.5591078
          ],
          [
            4.3957885,
            44.5591297
          ],
          [
            4.3958214,
            44.5591333
          ],
          [
            4.3958599,
            44.5591297
          ],
          [
            4.3959336,
            44.5591127
          ],
          [
            4.3960286,
            44.5590769
          ],
          [
            4.39614,
            44.5590588
          ],
          [
            4.3961714,
            44.5591099
          ],
          [
            4.3962292,
            44.5591724
          ],
          [
            4.396335,
            44.5592356
          ],
          [
            4.3964256,
            44.5592777
          ],
          [
            4.3965406,
            44.5592882
          ],
          [
            4.3966645,
            44.559281
          ],
          [
            4.3968084,
            44.5592615
          ],
          [
            4.396854,
            44.5591586
          ],
          [
            4.3970244,
            44.5588815
          ],
          [
            4.3970767,
            44.558742
          ],
          [
            4.3971035,
            44.5586445
          ],
          [
            4.3970941,
            44.5586006
          ],
          [
            4.397133,
            44.5585557
          ],
          [
            4.3971665,
            44.5584821
          ],
          [
            4.3972523,
            44.5582661
          ],
          [
            4.3973529,
            44.5579479
          ],
          [
            4.39742,
            44.5579938
          ],
          [
            4.3974844,
            44.5580645
          ]
        ]
      },
      "id": "relation/14906721"
    },
    {
      "type": "Feature",
      "properties": {
        "@id": "relation/14906725",
        "ascent": "0",
        "descent": "0",
        "distance": "0.9",
        "name": "Bannes - Champel",
        "network": "lwn",
        "network:type": "node_network",
        "route": "hiking",
        "survey:date": "2022-11-18",
        "type": "route"
      },
      "geometry": {
        "type": "LineString",
        "coordinates": [
          [
            4.3974844,
            44.5580645
          ],
          [
            4.3974398,
            44.5582549
          ],
          [
            4.397357,
            44.5585662
          ],
          [
            4.3972712,
            44.5588251
          ],
          [
            4.3971166,
            44.559106
          ],
          [
            4.3970512,
            44.5592437
          ],
          [
            4.3969895,
            44.5593474
          ],
          [
            4.396897,
            44.5594616
          ],
          [
            4.39682,
            44.5595538
          ],
          [
            4.3963353,
            44.5600368
          ],
          [
            4.3959756,
            44.5602929
          ],
          [
            4.3956041,
            44.5605369
          ],
          [
            4.3947686,
            44.5609731
          ],
          [
            4.394544,
            44.5610949
          ],
          [
            4.3941021,
            44.5613345
          ],
          [
            4.3938823,
            44.5614619
          ],
          [
            4.3934906,
            44.5617396
          ],
          [
            4.3931452,
            44.5620488
          ],
          [
            4.3928924,
            44.5623511
          ],
          [
            4.392667,
            44.5626992
          ],
          [
            4.392513,
            44.5630186
          ],
          [
            4.392354,
            44.5635707
          ],
          [
            4.3923318,
            44.5637156
          ],
          [
            4.3922272,
            44.5638895
          ],
          [
            4.3921736,
            44.5640213
          ],
          [
            4.3921535,
            44.5643032
          ],
          [
            4.3919694,
            44.5649824
          ]
        ]
      },
      "id": "relation/14906725"
    },
    {
      "type": "Feature",
      "properties": {
        "@id": "relation/14987793",
        "ascent": "18",
        "descent": "0",
        "distance": "1.1",
        "name": "Barsac - Les Gras",
        "network": "lwn",
        "network:type": "node_network",
        "route": "foot",
        "survey:date": "2022-11-29",
        "type": "route"
      },
      "geometry": {
        "type": "LineString",
        "coordinates": [
          [
            4.3821997,
            44.5449595
          ],
          [
            4.3822625,
            44.5454943
          ],
          [
            4.3822841,
            44.5457033
          ],
          [
            4.3823621,
            44.545975
          ],
          [
            4.3824573,
            44.5462184
          ],
          [
            4.3825843,
            44.5463834
          ],
          [
            4.3826549,
            44.5464583
          ],
          [
            4.3826861,
            44.5464876
          ],
          [
            4.3827911,
            44.5465145
          ],
          [
            4.382888,
            44.5465285
          ],
          [
            4.382998,
            44.5465601
          ],
          [
            4.3832146,
            44.5466818
          ],
          [
            4.3839156,
            44.5470725
          ],
          [
            4.3840486,
            44.5471591
          ],
          [
            4.3841077,
            44.5472328
          ],
          [
            4.3842505,
            44.5473474
          ],
          [
            4.3844984,
            44.5475276
          ],
          [
            4.3847495,
            44.5477241
          ],
          [
            4.3848414,
            44.5477873
          ],
          [
            4.3849252,
            44.5478072
          ],
          [
            4.3850237,
            44.5478149
          ],
          [
            4.3847554,
            44.5478835
          ],
          [
            4.3846207,
            44.547905
          ],
          [
            4.3845139,
            44.5479232
          ],
          [
            4.3843746,
            44.5479678
          ],
          [
            4.3842632,
            44.5480241
          ],
          [
            4.384103,
            44.5480903
          ],
          [
            4.3838252,
            44.5482388
          ],
          [
            4.3836356,
            44.5483446
          ],
          [
            4.3834074,
            44.5485143
          ],
          [
            4.3831546,
            44.548664
          ],
          [
            4.3830397,
            44.5487096
          ],
          [
            4.3829395,
            44.5487763
          ],
          [
            4.3827984,
            44.5488863
          ],
          [
            4.3826342,
            44.5489647
          ],
          [
            4.3825439,
            44.549036
          ],
          [
            4.3824963,
            44.5490898
          ],
          [
            4.3824405,
            44.5491203
          ],
          [
            4.3823748,
            44.5491518
          ],
          [
            4.3823141,
            44.5491904
          ],
          [
            4.3822583,
            44.5492302
          ],
          [
            4.3819858,
            44.5493928
          ],
          [
            4.3818857,
            44.5494525
          ],
          [
            4.3818315,
            44.5494747
          ],
          [
            4.3817527,
            44.5494946
          ],
          [
            4.3816755,
            44.5495344
          ],
          [
            4.3812356,
            44.5498152
          ],
          [
            4.3811502,
            44.5498596
          ],
          [
            4.3810485,
            44.5498912
          ],
          [
            4.3809844,
            44.5499146
          ],
          [
            4.3809253,
            44.5499403
          ],
          [
            4.3808301,
            44.5499813
          ],
          [
            4.3806512,
            44.550069
          ],
          [
            4.3805527,
            44.5501404
          ],
          [
            4.3803771,
            44.5502714
          ],
          [
            4.3802572,
            44.5503977
          ],
          [
            4.3800635,
            44.5506925
          ],
          [
            4.379924,
            44.5509359
          ],
          [
            4.3798698,
            44.5510505
          ],
          [
            4.3798337,
            44.5512447
          ],
          [
            4.3797779,
            44.551405
          ],
          [
            4.3797418,
            44.5514646
          ],
          [
            4.3796925,
            44.5514939
          ],
          [
            4.3795596,
            44.5515816
          ],
          [
            4.3795021,
            44.5516249
          ],
          [
            4.3793609,
            44.5517477
          ],
          [
            4.3793018,
            44.551805
          ],
          [
            4.3792312,
            44.551839
          ],
          [
            4.3791734,
            44.5518603
          ],
          [
            4.3791327,
            44.5518752
          ],
          [
            4.3790605,
            44.5519045
          ],
          [
            4.3789949,
            44.5519513
          ],
          [
            4.3787995,
            44.5521337
          ],
          [
            4.3787205,
            44.5522505
          ],
          [
            4.3787092,
            44.5522671
          ],
          [
            4.378591,
            44.5523841
          ],
          [
            4.3782299,
            44.5527584
          ],
          [
            4.3777473,
            44.5531854
          ],
          [
            4.3772688,
            44.5536386
          ],
          [
            4.3770879,
            44.5537973
          ],
          [
            4.3768122,
            44.5540634
          ],
          [
            4.3763077,
            44.5545829
          ]
        ]
      },
      "id": "relation/14987793"
    },
    {
      "type": "Feature",
      "properties": {
        "@id": "relation/15073131",
        "ascent": "24",
        "descent": "10",
        "distance": "1.1",
        "name": "Mias - Les Taillades",
        "network": "lwn",
        "network:type": "node_network",
        "route": "hiking",
        "survey:date": "2021-02-24",
        "type": "route"
      },
      "geometry": {
        "type": "LineString",
        "coordinates": [
          [
            4.4511275,
            44.5909604
          ],
          [
            4.4512387,
            44.5911848
          ],
          [
            4.4511835,
            44.591582
          ],
          [
            4.4511069,
            44.5918483
          ],
          [
            4.4509874,
            44.5920906
          ],
          [
            4.4509292,
            44.5923219
          ],
          [
            4.450877,
            44.5925664
          ],
          [
            4.4508832,
            44.5927912
          ],
          [
            4.4507759,
            44.5931099
          ],
          [
            4.4507054,
            44.5933914
          ],
          [
            4.4506931,
            44.5934635
          ],
          [
            4.450543,
            44.5937363
          ],
          [
            4.4504694,
            44.5939524
          ],
          [
            4.4505736,
            44.5942383
          ],
          [
            4.4506502,
            44.5945809
          ],
          [
            4.4505889,
            44.5948429
          ],
          [
            4.4505981,
            44.5950698
          ],
          [
            4.450684,
            44.5956111
          ],
          [
            4.4507453,
            44.5958861
          ],
          [
            4.4508372,
            44.5961065
          ],
          [
            4.4508648,
            44.5962309
          ],
          [
            4.451018,
            44.5964885
          ],
          [
            4.4509353,
            44.5965561
          ],
          [
            4.4509782,
            44.5966958
          ],
          [
            4.4511161,
            44.5969184
          ],
          [
            4.4512326,
            44.5971716
          ],
          [
            4.4512847,
            44.5973309
          ],
          [
            4.4512939,
            44.5974182
          ],
          [
            4.4513276,
            44.5975492
          ],
          [
            4.4514363,
            44.5976005
          ],
          [
            4.4515689,
            44.5975735
          ],
          [
            4.4516542,
            44.5975532
          ],
          [
            4.4517868,
            44.5974995
          ],
          [
            4.452055,
            44.597996
          ],
          [
            4.4524359,
            44.5987294
          ],
          [
            4.4525378,
            44.5988937
          ],
          [
            4.4528758,
            44.599352
          ],
          [
            4.4530313,
            44.5995926
          ],
          [
            4.453085,
            44.5997187
          ],
          [
            4.4531011,
            44.5998333
          ],
          [
            4.4531493,
            44.5998868
          ],
          [
            4.4531829,
            44.5999218
          ],
          [
            4.4531962,
            44.5999387
          ],
          [
            4.4532399,
            44.5999365
          ],
          [
            4.4533024,
            44.5999302
          ],
          [
            4.4533421,
            44.5999266
          ],
          [
            4.4534146,
            44.5999245
          ],
          [
            4.4534235,
            44.599962
          ],
          [
            4.4534335,
            44.6000079
          ],
          [
            4.4534414,
            44.6000461
          ],
          [
            4.4534489,
            44.6000629
          ]
        ]
      },
      "id": "relation/15073131"
    },
    {
      "type": "Feature",
      "properties": {
        "@id": "relation/15258924",
        "ascent": "65",
        "descent": "42",
        "distance": "2.1",
        "name": "Pont d'Aigueneyre - La Coste",
        "network": "lwn",
        "network:type": "node_network",
        "route": "hiking",
        "type": "route"
      },
      "geometry": {
        "type": "LineString",
        "coordinates": [
          [
            4.3179107,
            44.6067661
          ],
          [
            4.3178682,
            44.6066588
          ],
          [
            4.3178304,
            44.6065134
          ],
          [
            4.3177984,
            44.606457
          ],
          [
            4.3177488,
            44.6063304
          ],
          [
            4.3176577,
            44.6061795
          ],
          [
            4.3174861,
            44.6059427
          ],
          [
            4.3174204,
            44.6058072
          ],
          [
            4.3174243,
            44.6056391
          ],
          [
            4.3175584,
            44.6052228
          ],
          [
            4.3175477,
            44.6049554
          ],
          [
            4.3173868,
            44.6046117
          ],
          [
            4.3170113,
            44.6041992
          ],
          [
            4.316625,
            44.6038936
          ],
          [
            4.3162817,
            44.6036339
          ],
          [
            4.3160027,
            44.6032062
          ],
          [
            4.31611,
            44.6029159
          ],
          [
            4.3161208,
            44.6028013
          ],
          [
            4.315874,
            44.6025561
          ],
          [
            4.3155414,
            44.6022659
          ],
          [
            4.3151659,
            44.6020291
          ],
          [
            4.3149084,
            44.6018304
          ],
          [
            4.3146724,
            44.6015249
          ],
          [
            4.3145865,
            44.6013033
          ],
          [
            4.3146509,
            44.6009749
          ],
          [
            4.3146187,
            44.6007533
          ],
          [
            4.31449,
            44.6005394
          ],
          [
            4.31449,
            44.6003026
          ],
          [
            4.3144511,
            44.5999344
          ],
          [
            4.3145124,
            44.5998008
          ],
          [
            4.3145757,
            44.5996628
          ],
          [
            4.3145708,
            44.5995266
          ],
          [
            4.3144948,
            44.5994568
          ],
          [
            4.314333,
            44.5994132
          ],
          [
            4.314186,
            44.5993887
          ],
          [
            4.3139335,
            44.5993207
          ],
          [
            4.3135015,
            44.5991467
          ],
          [
            4.3133191,
            44.5990881
          ],
          [
            4.3133018,
            44.5990523
          ],
          [
            4.313372,
            44.5989258
          ],
          [
            4.3136564,
            44.5988896
          ],
          [
            4.3140208,
            44.5988732
          ],
          [
            4.3144776,
            44.5987728
          ],
          [
            4.3147411,
            44.5986625
          ],
          [
            4.3148019,
            44.5984686
          ],
          [
            4.3147341,
            44.5984364
          ],
          [
            4.3147047,
            44.5983745
          ],
          [
            4.3147033,
            44.5981987
          ],
          [
            4.3146604,
            44.5981091
          ],
          [
            4.3145813,
            44.5980073
          ],
          [
            4.3143592,
            44.5978384
          ],
          [
            4.3142999,
            44.597751
          ],
          [
            4.3142871,
            44.5976646
          ],
          [
            4.3143096,
            44.5975879
          ],
          [
            4.314389,
            44.5975026
          ],
          [
            4.3144773,
            44.5974007
          ],
          [
            4.3145309,
            44.5972855
          ],
          [
            4.314547,
            44.5971546
          ],
          [
            4.3145558,
            44.5970424
          ],
          [
            4.3145412,
            44.5969039
          ],
          [
            4.3144901,
            44.5968056
          ],
          [
            4.3142795,
            44.5965086
          ],
          [
            4.3142192,
            44.5964083
          ],
          [
            4.3141898,
            44.5963084
          ],
          [
            4.3141723,
            44.5961543
          ],
          [
            4.3141302,
            44.5959366
          ],
          [
            4.3141033,
            44.5958755
          ],
          [
            4.3140972,
            44.595779
          ],
          [
            4.3141203,
            44.5957153
          ],
          [
            4.3141562,
            44.595652
          ],
          [
            4.3142663,
            44.595566
          ],
          [
            4.3143412,
            44.5954705
          ],
          [
            4.3144056,
            44.595354
          ],
          [
            4.3144368,
            44.5952379
          ],
          [
            4.3144432,
            44.5951028
          ],
          [
            4.314433,
            44.5949541
          ],
          [
            4.3143698,
            44.5948214
          ],
          [
            4.3141297,
            44.5943651
          ],
          [
            4.3141012,
            44.5942443
          ],
          [
            4.3141173,
            44.5941469
          ],
          [
            4.3141374,
            44.5940278
          ],
          [
            4.31412,
            44.5938279
          ],
          [
            4.3141391,
            44.5936045
          ],
          [
            4.3142042,
            44.5934027
          ],
          [
            4.3142527,
            44.5932435
          ],
          [
            4.3142517,
            44.5931488
          ],
          [
            4.3142199,
            44.5929475
          ],
          [
            4.3142246,
            44.5928643
          ],
          [
            4.3142728,
            44.5927497
          ],
          [
            4.3142811,
            44.592667
          ],
          [
            4.3142728,
            44.5925396
          ],
          [
            4.3142469,
            44.5924178
          ],
          [
            4.3141387,
            44.5922904
          ],
          [
            4.3140075,
            44.5921791
          ],
          [
            4.313888,
            44.5921337
          ],
          [
            4.313744,
            44.5920915
          ],
          [
            4.3135191,
            44.5920745
          ],
          [
            4.3133102,
            44.5920969
          ],
          [
            4.3131749,
            44.5921353
          ]
        ]
      },
      "id": "relation/15258924"
    },
    {
      "type": "Feature",
      "properties": {
        "@id": "relation/15262177",
        "ascent": "130",
        "descent": "5",
        "distance": "2.5",
        "name": "Moulin de Landes - Chaunes",
        "network": "lwn",
        "network:type": "node_network",
        "route": "hiking",
        "type": "route"
      },
      "geometry": {
        "type": "LineString",
        "coordinates": [
          [
            4.3272742,
            44.5792775
          ],
          [
            4.3270436,
            44.579161
          ],
          [
            4.3269212,
            44.579086
          ],
          [
            4.3267831,
            44.5789937
          ],
          [
            4.3267212,
            44.5789914
          ],
          [
            4.326661,
            44.579029
          ],
          [
            4.3266815,
            44.5790915
          ],
          [
            4.3267656,
            44.5791806
          ],
          [
            4.3268242,
            44.5792359
          ],
          [
            4.3268295,
            44.5792986
          ],
          [
            4.32679,
            44.5793264
          ],
          [
            4.326723,
            44.579319
          ],
          [
            4.3266572,
            44.5792801
          ],
          [
            4.3265189,
            44.5791617
          ],
          [
            4.3264076,
            44.5790579
          ],
          [
            4.3261464,
            44.578712
          ],
          [
            4.3261083,
            44.5786614
          ],
          [
            4.3260205,
            44.5785833
          ],
          [
            4.3259249,
            44.5785776
          ],
          [
            4.3258414,
            44.578599
          ],
          [
            4.3258097,
            44.5786322
          ],
          [
            4.3258193,
            44.5787181
          ],
          [
            4.3259699,
            44.5789579
          ],
          [
            4.3261483,
            44.5792438
          ],
          [
            4.3262239,
            44.5794558
          ],
          [
            4.3262895,
            44.5797376
          ],
          [
            4.326268,
            44.5800477
          ],
          [
            4.326168,
            44.5804365
          ],
          [
            4.3260522,
            44.5808057
          ],
          [
            4.3260649,
            44.5808663
          ],
          [
            4.326139,
            44.5810131
          ],
          [
            4.3261174,
            44.5810579
          ],
          [
            4.3260695,
            44.5810685
          ],
          [
            4.3260069,
            44.5810551
          ],
          [
            4.3259491,
            44.5810011
          ],
          [
            4.3255904,
            44.5801738
          ],
          [
            4.3252233,
            44.5797148
          ],
          [
            4.3247677,
            44.5793539
          ],
          [
            4.3242983,
            44.5791267
          ],
          [
            4.3242431,
            44.5790646
          ],
          [
            4.3242236,
            44.5789556
          ],
          [
            4.3241775,
            44.5789197
          ],
          [
            4.3241008,
            44.5789085
          ],
          [
            4.3240346,
            44.5789841
          ],
          [
            4.3241866,
            44.5793202
          ],
          [
            4.3244548,
            44.5795356
          ],
          [
            4.3244628,
            44.5796346
          ],
          [
            4.3244841,
            44.5798266
          ],
          [
            4.3244216,
            44.580062
          ],
          [
            4.3243135,
            44.5801624
          ],
          [
            4.3242053,
            44.5802588
          ],
          [
            4.3241013,
            44.5804158
          ],
          [
            4.3241219,
            44.5806988
          ],
          [
            4.3241446,
            44.5809494
          ],
          [
            4.3241118,
            44.5809983
          ],
          [
            4.3240413,
            44.5810113
          ],
          [
            4.3239927,
            44.5809896
          ],
          [
            4.323946,
            44.5809274
          ],
          [
            4.3238867,
            44.5808128
          ],
          [
            4.3238314,
            44.5806213
          ],
          [
            4.3236582,
            44.5804736
          ],
          [
            4.3236453,
            44.5804069
          ],
          [
            4.3236486,
            44.5801803
          ],
          [
            4.3236866,
            44.580107
          ],
          [
            4.3237515,
            44.5799748
          ],
          [
            4.3237418,
            44.5799202
          ],
          [
            4.3235638,
            44.5798131
          ],
          [
            4.3234611,
            44.5797799
          ],
          [
            4.3233388,
            44.579751
          ],
          [
            4.3231625,
            44.5797166
          ],
          [
            4.323031,
            44.5796635
          ],
          [
            4.3225305,
            44.5793133
          ],
          [
            4.3222498,
            44.5790474
          ],
          [
            4.3220392,
            44.5786271
          ],
          [
            4.3220504,
            44.578372
          ],
          [
            4.3219582,
            44.5781768
          ],
          [
            4.3219117,
            44.5779993
          ],
          [
            4.3219094,
            44.5778982
          ],
          [
            4.3220173,
            44.5777897
          ],
          [
            4.322002,
            44.5777393
          ],
          [
            4.321925,
            44.5777139
          ],
          [
            4.3218462,
            44.5777371
          ],
          [
            4.3218127,
            44.5778791
          ],
          [
            4.3216025,
            44.5782194
          ],
          [
            4.3215433,
            44.5783557
          ],
          [
            4.3214891,
            44.5789572
          ],
          [
            4.3214693,
            44.5790808
          ],
          [
            4.3214075,
            44.5791018
          ],
          [
            4.3213391,
            44.5790823
          ],
          [
            4.3212806,
            44.5790001
          ],
          [
            4.3212797,
            44.5787128
          ],
          [
            4.3211984,
            44.5784263
          ],
          [
            4.3211822,
            44.5783251
          ],
          [
            4.3211181,
            44.5782843
          ],
          [
            4.3210154,
            44.5782639
          ],
          [
            4.3201458,
            44.5781393
          ],
          [
            4.3199634,
            44.5780928
          ],
          [
            4.3198868,
            44.5780384
          ],
          [
            4.3198474,
            44.5779805
          ],
          [
            4.3198848,
            44.5779173
          ],
          [
            4.3199386,
            44.5778665
          ],
          [
            4.3198186,
            44.5777483
          ],
          [
            4.3196779,
            44.5777013
          ],
          [
            4.3195372,
            44.5776542
          ],
          [
            4.3195011,
            44.5776429
          ],
          [
            4.319552,
            44.5775196
          ],
          [
            4.3195809,
            44.577389
          ],
          [
            4.319589,
            44.5772654
          ],
          [
            4.3195334,
            44.5770455
          ],
          [
            4.3193936,
            44.5766106
          ],
          [
            4.3192767,
            44.5763002
          ],
          [
            4.3192399,
            44.5761883
          ],
          [
            4.3191446,
            44.5759452
          ],
          [
            4.3188502,
            44.5752736
          ],
          [
            4.3186768,
            44.5748422
          ],
          [
            4.3185591,
            44.5745068
          ],
          [
            4.3185145,
            44.5740631
          ],
          [
            4.318441,
            44.5737957
          ],
          [
            4.3181975,
            44.5734823
          ],
          [
            4.317847,
            44.5731517
          ],
          [
            4.3177218,
            44.5730337
          ],
          [
            4.3174663,
            44.5727366
          ],
          [
            4.3173778,
            44.5726242
          ],
          [
            4.3170292,
            44.5722396
          ]
        ]
      },
      "id": "relation/15262177"
    },
    {
      "type": "Feature",
      "properties": {
        "@id": "relation/15270663",
        "ascent": "50",
        "descent": "40",
        "distance": "1.5",
        "name": "Montredon - La Coop",
        "network": "lwn",
        "network:type": "node_network",
        "route": "hiking",
        "type": "route"
      },
      "geometry": {
        "type": "LineString",
        "coordinates": [
          [
            4.325662,
            44.5376189
          ],
          [
            4.3253839,
            44.537617
          ],
          [
            4.3252659,
            44.5376141
          ],
          [
            4.3252002,
            44.5375644
          ],
          [
            4.3251425,
            44.5375252
          ],
          [
            4.3250754,
            44.5375042
          ],
          [
            4.3249977,
            44.5375013
          ],
          [
            4.3248783,
            44.5375214
          ],
          [
            4.3247442,
            44.5375692
          ],
          [
            4.3246275,
            44.5375988
          ],
          [
            4.3245149,
            44.5376132
          ],
          [
            4.3244335,
            44.5376082
          ],
          [
            4.3243109,
            44.5376553
          ],
          [
            4.323796,
            44.5378522
          ],
          [
            4.3236927,
            44.5378839
          ],
          [
            4.3233024,
            44.537965
          ],
          [
            4.3230932,
            44.5380128
          ],
          [
            4.3230047,
            44.5380223
          ],
          [
            4.3229135,
            44.5380109
          ],
          [
            4.3228411,
            44.5379841
          ],
          [
            4.3227606,
            44.5379268
          ],
          [
            4.3227258,
            44.5378885
          ],
          [
            4.3226775,
            44.5377968
          ],
          [
            4.3226077,
            44.5376782
          ],
          [
            4.3225299,
            44.5375788
          ],
          [
            4.3224737,
            44.5375212
          ],
          [
            4.3224255,
            44.5374717
          ],
          [
            4.3223665,
            44.537445
          ],
          [
            4.3220768,
            44.5373914
          ],
          [
            4.3216745,
            44.5373436
          ],
          [
            4.3215484,
            44.5373398
          ],
          [
            4.3214572,
            44.5373417
          ],
          [
            4.3213553,
            44.5373532
          ],
          [
            4.321189,
            44.5373857
          ],
          [
            4.3210051,
            44.5374366
          ],
          [
            4.3209041,
            44.5374812
          ],
          [
            4.3208108,
            44.537531
          ],
          [
            4.3206686,
            44.5376228
          ],
          [
            4.3203748,
            44.5377903
          ],
          [
            4.3201349,
            44.5379268
          ],
          [
            4.3197284,
            44.5381669
          ],
          [
            4.3196118,
            44.5382307
          ],
          [
            4.3195046,
            44.5382594
          ],
          [
            4.3193543,
            44.5382632
          ],
          [
            4.3192605,
            44.5382441
          ],
          [
            4.3191022,
            44.5382288
          ],
          [
            4.3189815,
            44.5382365
          ],
          [
            4.3187213,
            44.5382594
          ],
          [
            4.3185872,
            44.5382766
          ],
          [
            4.3184317,
            44.5383091
          ],
          [
            4.3181366,
            44.5384162
          ],
          [
            4.3179972,
            44.5384582
          ],
          [
            4.3178416,
            44.5384735
          ],
          [
            4.317509,
            44.5384946
          ],
          [
            4.3171523,
            44.5385156
          ],
          [
            4.3168358,
            44.538506
          ],
          [
            4.3165488,
            44.5384755
          ],
          [
            4.3164737,
            44.5384621
          ],
          [
            4.3164146,
            44.5384735
          ],
          [
            4.31631,
            44.5385099
          ],
          [
            4.3161035,
            44.538594
          ],
          [
            4.3159774,
            44.5386188
          ],
          [
            4.315559,
            44.5386972
          ],
          [
            4.315123,
            44.5387576
          ],
          [
            4.3150023,
            44.5387863
          ],
          [
            4.3148784,
            44.538801
          ],
          [
            4.3148253,
            44.5388073
          ],
          [
            4.3146429,
            44.5388246
          ],
          [
            4.3144015,
            44.5388571
          ],
          [
            4.3142594,
            44.5388876
          ],
          [
            4.3138007,
            44.5390368
          ],
          [
            4.3135191,
            44.5391075
          ],
          [
            4.3131999,
            44.539184
          ],
          [
            4.3130363,
            44.5391974
          ],
          [
            4.3129639,
            44.5391801
          ],
          [
            4.3128646,
            44.5391553
          ],
          [
            4.31276,
            44.5391075
          ],
          [
            4.3126608,
            44.5390807
          ],
          [
            4.3125267,
            44.5390597
          ],
          [
            4.3123806,
            44.539049
          ],
          [
            4.3122599,
            44.5390365
          ],
          [
            4.3121633,
            44.5390107
          ],
          [
            4.3120587,
            44.5389648
          ],
          [
            4.3119675,
            44.5389084
          ],
          [
            4.3118535,
            44.5388865
          ],
          [
            4.3118066,
            44.5388683
          ],
          [
            4.3117301,
            44.5388377
          ],
          [
            4.3115772,
            44.5388205
          ],
          [
            4.3114364,
            44.5388272
          ],
          [
            4.3113774,
            44.538831
          ],
          [
            4.3111682,
            44.5388673
          ],
          [
            4.3110502,
            44.5389228
          ],
          [
            4.3109161,
            44.5389496
          ],
          [
            4.310731,
            44.5389476
          ],
          [
            4.3105969,
            44.5389505
          ],
          [
            4.3105298,
            44.5389868
          ],
          [
            4.3104762,
            44.5390126
          ],
          [
            4.3103957,
            44.5390088
          ],
          [
            4.3103152,
            44.5389763
          ],
          [
            4.3101624,
            44.5389514
          ],
          [
            4.3099532,
            44.5389496
          ],
          [
            4.3097667,
            44.5389696
          ],
          [
            4.3096206,
            44.5390222
          ],
          [
            4.3094516,
            44.5390891
          ],
          [
            4.3093389,
            44.5391293
          ],
          [
            4.3091726,
            44.5391579
          ],
          [
            4.3090546,
            44.5392268
          ],
          [
            4.3089017,
            44.5393415
          ],
          [
            4.3088038,
            44.5393979
          ],
          [
            4.3087649,
            44.539438
          ],
          [
            4.3087073,
            44.5394677
          ],
          [
            4.3086335,
            44.5394734
          ],
          [
            4.3085276,
            44.5394705
          ],
          [
            4.3084297,
            44.5394686
          ],
          [
            4.3083478,
            44.5394782
          ],
          [
            4.3082459,
            44.5395221
          ],
          [
            4.3081494,
            44.5395738
          ],
          [
            4.3081078,
            44.5396053
          ],
          [
            4.3080381,
            44.5396168
          ],
          [
            4.3079899,
            44.5396189
          ]
        ]
      },
      "id": "relation/15270663"
    },
    {
      "type": "Feature",
      "properties": {
        "@id": "relation/15270664",
        "ascent": "80",
        "descent": "10",
        "distance": "2.0",
        "name": "Les Auches - La Coop",
        "network": "lwn",
        "network:type": "node_network",
        "route": "hiking",
        "type": "route"
      },
      "geometry": {
        "type": "LineString",
        "coordinates": [
          [
            4.3279061,
            44.5217207
          ],
          [
            4.3278923,
            44.5217796
          ],
          [
            4.3278717,
            44.5218573
          ],
          [
            4.3278246,
            44.5219609
          ],
          [
            4.3277745,
            44.5220624
          ],
          [
            4.3276616,
            44.5222754
          ],
          [
            4.3273848,
            44.5226797
          ],
          [
            4.3269986,
            44.5232266
          ],
          [
            4.3267786,
            44.5236626
          ],
          [
            4.3265426,
            44.5239265
          ],
          [
            4.3264675,
            44.5241101
          ],
          [
            4.3264675,
            44.5243549
          ],
          [
            4.3264231,
            44.5246543
          ],
          [
            4.325934,
            44.5251668
          ],
          [
            4.3258496,
            44.5252606
          ],
          [
            4.3257062,
            44.5254651
          ],
          [
            4.3255196,
            44.5257521
          ],
          [
            4.3253802,
            44.5260083
          ],
          [
            4.3252937,
            44.5261428
          ],
          [
            4.3252073,
            44.5262506
          ],
          [
            4.3251209,
            44.526343
          ],
          [
            4.3249991,
            44.5264676
          ],
          [
            4.324787,
            44.5266426
          ],
          [
            4.3246653,
            44.5267533
          ],
          [
            4.3245837,
            44.5268009
          ],
          [
            4.3245572,
            44.5268275
          ],
          [
            4.3245504,
            44.5268611
          ],
          [
            4.3245602,
            44.5268968
          ],
          [
            4.3246761,
            44.5270431
          ],
          [
            4.3247144,
            44.5270648
          ],
          [
            4.3247428,
            44.527069
          ],
          [
            4.3248076,
            44.5270634
          ],
          [
            4.3249196,
            44.5270256
          ],
          [
            4.3249733,
            44.5270215
          ],
          [
            4.3250303,
            44.5270324
          ],
          [
            4.3250962,
            44.5270586
          ],
          [
            4.3251469,
            44.5270992
          ],
          [
            4.3251851,
            44.5271517
          ],
          [
            4.3252219,
            44.5271834
          ],
          [
            4.3251585,
            44.5272586
          ],
          [
            4.3247428,
            44.527566
          ],
          [
            4.3244601,
            44.5279367
          ],
          [
            4.3245095,
            44.5280715
          ],
          [
            4.3246845,
            44.5282644
          ],
          [
            4.3246712,
            44.5284118
          ],
          [
            4.324543,
            44.5286455
          ],
          [
            4.3245419,
            44.5287596
          ],
          [
            4.3246139,
            44.528906
          ],
          [
            4.3249239,
            44.5293269
          ],
          [
            4.3249349,
            44.5293923
          ],
          [
            4.3250942,
            44.5294414
          ],
          [
            4.3252835,
            44.5295227
          ],
          [
            4.3256025,
            44.529733
          ],
          [
            4.3257277,
            44.5297794
          ],
          [
            4.3258828,
            44.5298333
          ],
          [
            4.3259452,
            44.5298829
          ],
          [
            4.3259686,
            44.52995
          ],
          [
            4.3259381,
            44.5300581
          ],
          [
            4.3258097,
            44.5302825
          ],
          [
            4.3257279,
            44.5304676
          ],
          [
            4.3257299,
            44.5305963
          ],
          [
            4.3258604,
            44.5308723
          ],
          [
            4.3258989,
            44.5310418
          ],
          [
            4.3259446,
            44.5315607
          ],
          [
            4.3259681,
            44.531612
          ],
          [
            4.3260075,
            44.5316383
          ],
          [
            4.3260726,
            44.531642
          ],
          [
            4.3261215,
            44.5316278
          ],
          [
            4.3261854,
            44.53157
          ],
          [
            4.326269,
            44.5315446
          ],
          [
            4.3263349,
            44.5315324
          ],
          [
            4.3264098,
            44.5315427
          ],
          [
            4.3264475,
            44.5315698
          ],
          [
            4.3265373,
            44.5318418
          ],
          [
            4.3266217,
            44.5320507
          ],
          [
            4.326732,
            44.5321714
          ],
          [
            4.326845,
            44.5322444
          ],
          [
            4.3268819,
            44.5322961
          ],
          [
            4.32692,
            44.5324406
          ],
          [
            4.3269382,
            44.532603
          ],
          [
            4.3269274,
            44.5327632
          ],
          [
            4.3268913,
            44.5329768
          ],
          [
            4.326895,
            44.5331035
          ],
          [
            4.3269168,
            44.5332626
          ],
          [
            4.3269412,
            44.5333653
          ],
          [
            4.327045,
            44.5336586
          ],
          [
            4.3271058,
            44.5339137
          ],
          [
            4.3268,
            44.5340341
          ],
          [
            4.3267249,
            44.5340896
          ],
          [
            4.3266793,
            44.5341527
          ],
          [
            4.3266311,
            44.5343955
          ],
          [
            4.3266176,
            44.5345293
          ],
          [
            4.3266015,
            44.5346555
          ],
          [
            4.3265492,
            44.5347851
          ],
          [
            4.326454,
            44.5349347
          ],
          [
            4.3263789,
            44.5350188
          ],
          [
            4.3260973,
            44.5352712
          ],
          [
            4.32588,
            44.5354834
          ],
          [
            4.3258009,
            44.5355651
          ],
          [
            4.3257312,
            44.5356645
          ],
          [
            4.3256896,
            44.5357894
          ],
          [
            4.3256252,
            44.5366039
          ],
          [
            4.3256485,
            44.5371727
          ],
          [
            4.325662,
            44.5376189
          ]
        ]
      },
      "id": "relation/15270664"
    },
    {
      "type": "Feature",
      "properties": {
        "@id": "relation/15981740",
        "ascent": "105",
        "descent": "45",
        "distance": "2.3",
        "name": "Le Cros - La Combe",
        "network": "lwn",
        "network:type": "node_network",
        "route": "hiking",
        "type": "route"
      },
      "geometry": {
        "type": "LineString",
        "coordinates": [
          [
            4.2976614,
            44.6067901
          ],
          [
            4.2974685,
            44.6061866
          ],
          [
            4.2974256,
            44.6060185
          ],
          [
            4.2971681,
            44.605881
          ],
          [
            4.2970286,
            44.6058657
          ],
          [
            4.2968355,
            44.6056442
          ],
          [
            4.2965995,
            44.6053998
          ],
          [
            4.2962454,
            44.6052623
          ],
          [
            4.2959665,
            44.6051859
          ],
          [
            4.2956827,
            44.6049797
          ],
          [
            4.2956259,
            44.6046407
          ],
          [
            4.2955037,
            44.6045468
          ],
          [
            4.295835,
            44.6044477
          ],
          [
            4.2961751,
            44.6044391
          ],
          [
            4.2966753,
            44.6044333
          ],
          [
            4.2966406,
            44.6043718
          ],
          [
            4.2962582,
            44.6042761
          ],
          [
            4.2960425,
            44.6041784
          ],
          [
            4.2958059,
            44.6040382
          ],
          [
            4.2959527,
            44.6040413
          ],
          [
            4.2963998,
            44.6040457
          ],
          [
            4.2967055,
            44.6039945
          ],
          [
            4.2968504,
            44.6039119
          ],
          [
            4.2964285,
            44.6038404
          ],
          [
            4.2964173,
            44.6036356
          ],
          [
            4.2965233,
            44.6034927
          ],
          [
            4.2966836,
            44.6033133
          ],
          [
            4.296817,
            44.6032034
          ],
          [
            4.2970387,
            44.6026766
          ],
          [
            4.2972076,
            44.6024745
          ],
          [
            4.2974537,
            44.6021428
          ],
          [
            4.2976885,
            44.6019066
          ],
          [
            4.2979634,
            44.60167
          ],
          [
            4.2980863,
            44.6015017
          ],
          [
            4.2980695,
            44.6013447
          ],
          [
            4.2981741,
            44.6012481
          ],
          [
            4.2983284,
            44.6012893
          ],
          [
            4.2984944,
            44.6013671
          ],
          [
            4.2987595,
            44.6013931
          ],
          [
            4.2989617,
            44.6013369
          ],
          [
            4.2993852,
            44.6013283
          ],
          [
            4.2994705,
            44.6013524
          ],
          [
            4.2995429,
            44.6016042
          ],
          [
            4.2997627,
            44.6017344
          ],
          [
            4.3002018,
            44.6017536
          ],
          [
            4.3010444,
            44.601643
          ],
          [
            4.3013836,
            44.6015182
          ],
          [
            4.3015172,
            44.6014749
          ],
          [
            4.3018053,
            44.6013478
          ],
          [
            4.3018753,
            44.6013039
          ],
          [
            4.3019233,
            44.6012469
          ],
          [
            4.3019365,
            44.6011818
          ],
          [
            4.3019398,
            44.6011003
          ],
          [
            4.301821,
            44.6007426
          ],
          [
            4.3017312,
            44.6005989
          ],
          [
            4.3015856,
            44.6004182
          ],
          [
            4.3014434,
            44.6002882
          ],
          [
            4.3012231,
            44.6000842
          ],
          [
            4.3011434,
            44.6000519
          ],
          [
            4.3010359,
            44.6000768
          ],
          [
            4.30096,
            44.600026
          ],
          [
            4.3008619,
            44.5999122
          ],
          [
            4.3008412,
            44.5998038
          ],
          [
            4.3008762,
            44.5996218
          ],
          [
            4.3009722,
            44.5991108
          ],
          [
            4.3011038,
            44.5989643
          ],
          [
            4.3012109,
            44.5988426
          ],
          [
            4.3014213,
            44.5985133
          ],
          [
            4.3015071,
            44.5984298
          ],
          [
            4.30159,
            44.5983879
          ],
          [
            4.301686,
            44.5983521
          ],
          [
            4.301798,
            44.5983245
          ],
          [
            4.3019269,
            44.5983427
          ],
          [
            4.3020496,
            44.5984423
          ],
          [
            4.3021667,
            44.5985139
          ],
          [
            4.3022767,
            44.5985474
          ],
          [
            4.302401,
            44.5985654
          ],
          [
            4.3028902,
            44.598547
          ],
          [
            4.3033702,
            44.5985069
          ],
          [
            4.3038259,
            44.5984879
          ],
          [
            4.3041489,
            44.5985168
          ],
          [
            4.3043633,
            44.5985518
          ],
          [
            4.304747,
            44.5986333
          ],
          [
            4.3048629,
            44.5986548
          ],
          [
            4.3049669,
            44.5986457
          ],
          [
            4.3052672,
            44.5985959
          ],
          [
            4.3054792,
            44.5985569
          ],
          [
            4.3055791,
            44.5985087
          ],
          [
            4.3051915,
            44.5985383
          ],
          [
            4.3050568,
            44.5985273
          ],
          [
            4.3049357,
            44.5984951
          ],
          [
            4.3045582,
            44.5983461
          ],
          [
            4.3039672,
            44.5981829
          ],
          [
            4.303672,
            44.598126
          ],
          [
            4.30319,
            44.5980355
          ],
          [
            4.3029805,
            44.5979841
          ],
          [
            4.3028426,
            44.5979448
          ],
          [
            4.3024145,
            44.5977635
          ],
          [
            4.3023176,
            44.5976859
          ],
          [
            4.3021877,
            44.5976562
          ],
          [
            4.3017661,
            44.5975539
          ],
          [
            4.3015206,
            44.5974981
          ]
        ]
      },
      "id": "relation/15981740"
    }
  ]
}